1779869581.895914
1779869586.888255
1779869588.086221
1779869590.082258
1779869591.487216
1779869592.876743
1779869594.077139
1779869595.973409
1779869597.271034
1779869598.767480
1779869599.965171
1779869601.168234
1779869602.461356
1779869603.660488
1779869604.858416
1779869606.255664
1779869607.654707
1779869608.552730
1779869609.550711
1779869610.848784
1779869612.148441
1779869614.144625
1779869615.242478
1779869616.638876
1779869617.937091
1779869619.235544
1779869621.131676
1779869622.829239
